"No","Ch1","Ch2","Ch3","Ch4"
21566,0.250787257100062,0.157977388779684,0.396600468221548,0.194634885898706
21567,0.0359477533666499,0.422645067080678,0.440544662596802,0.10086251695587
21568,0.282403792423392,0.512152115313755,0.105795482074103,0.0996486101887493
21569,0.560597022536778,0.132198658919091,0.201478275799631,0.105726042744501
21570,0.133447263494491,0.319575246927978,0.515710333123788,0.0312671564537428
21571,0.0668167426705631,0.782515819934211,0.10480448513909,0.0458629522561366
21572,0.165602843943101,0.0491196071036377,0.66574781982026,0.119529729133002
21573,0.153165130340009,0.202700075664444,0.264204127607234,0.379930666388313
21574,0.16212497332747,0.374368977359778,0.37903670161755,0.0844693476952016
21575,0.0341138922954333,0.0803809944761538,0.816513579659082,0.0689915335693308
21576,0.279565799304684,0.227404142649829,0.314336861508234,0.178693196537253
21577,0.209891895590144,0.128633043292807,0.631116238777219,0.0303588223398298
21578,0.372695855870221,0.342263092574179,0.172460324670394,0.112580726885206
21579,0.100821592921112,0.227097818361219,0.224971912361781,0.447108676355888
21580,0.0654366755808325,0.562533965941288,0.230530948350135,0.141498410127745
21581,0.409559680693058,0.118614385361204,0.26299747490671,0.208828459039028
21582,0.0908236579333784,0.165401305087728,0.560640914623319,0.183134122355574
21583,0.147967869718049,0.227700967868626,0.339304679536526,0.285026482876799
21584,0.226516193386936,0.39470639668643,0.0764818886365671,0.302295521290066
21585,0.270921265032885,0.270873830472847,0.164612502888099,0.293592401606169
21586,0.155770269497444,0.481206781927929,0.230201706131513,0.132821242443114
21587,0.0349186752401269,0.580006639443455,0.239996938299376,0.145077747017043
21588,0.0438786125100407,0.0753016783591744,0.684394683708517,0.196425025422267
21589,0.137950463789927,0.0679726406555438,0.636592591027725,0.157484304526805
21590,0.0378251188356339,0.142832149335181,0.638766161422134,0.180576570407051
21591,0.0543905296379885,0.263486481592365,0.443122610571743,0.239000378197904
21592,0.123933956724374,0.284012379381877,0.094160304473032,0.497893359420716
21593,0.482989770387216,0.200562530610875,0.172192060692232,0.144255638309677
21594,0.122944026695839,0.145415937637642,0.295678503462033,0.435961532204485
21595,0.339041552087455,0.157539872563046,0.0713329945628002,0.432085580786699
21596,0.121091581525667,0.720197470141508,0.0827014879739117,0.0760094603589138
21597,0.398633286871672,0.257443078431413,0.0820579116753197,0.261865723021596
21598,0.0797314363471915,0.395082425942877,0.372210109908668,0.152976027801264
21599,0.21291118326952,0.476776778669782,0.233552769073491,0.0767592689872075
21600,0.104890827809721,0.210156446679647,0.106589589107999,0.578363136402633
21601,0.0608975027361201,0.185583015785684,0.230006723716106,0.52351275776209
21602,0.0375680187410318,0.498918321716329,0.374741628391935,0.0887720311507044
21603,0.436051608082799,0.0614046017742934,0.177610111504712,0.324933678638196
21604,0.0460371304111463,0.164798608169981,0.42254861707505,0.366615644343823
21605,0.128722158564076,0.0538217893144086,0.644721171659843,0.172734880461672
21606,0.222700221532979,0.0365072318752448,0.42612387223833,0.314668674353446
21607,0.465633005527037,0.0847160570744946,0.0574710114205558,0.392179925977913
21608,0.185233151071479,0.51309829466726,0.0272533214314888,0.274415232829773
21609,0.0598788174509213,0.0560788824469356,0.503760066583764,0.380282233518379
21610,0.252498665403166,0.393879077810201,0.0304047791427575,0.323217477643875
21611,0.0452960423980754,0.0423022308814955,0.540027309968087,0.372374416752342
21612,0.593142213806809,0.101668882912175,0.215456605346456,0.0897322979345601
21613,0.0363744540769877,0.205692902264661,0.346325057419107,0.411607586239245
21614,0.0885497712561093,0.474576629686639,0.22880307551499,0.208070523542261
21615,0.281641411572733,0.33794640642723,0.0329228986274276,0.347489283372609
21616,0.208974944449208,0.03199767975356,0.619752151760198,0.139275224037034
21617,0.21110882912243,0.351237810545646,0.191057288856459,0.246596071475465
21618,0.230699263933353,0.0924675362933594,0.216577099034686,0.460256100738601
21619,0.137700488958836,0.164751630352493,0.0847757881631845,0.612772092525486
21620,0.0648046975046048,0.775576555626062,0.0461860433474639,0.113432703521869
21621,0.187366829932625,0.287752681940149,0.165414626785402,0.359465861341824
21622,0.0934628222201402,0.244786024455521,0.146269165835634,0.515481987488705
21623,0.356284509089659,0.431408577424309,0.124150933131267,0.0881559803547651
21624,0.500061190529738,0.32546062546147,0.102888273746374,0.0715899102624179
21625,0.104237425315621,0.186003709244616,0.563060104803744,0.146698760636018
21626,0.496924207941664,0.217860395889428,0.19651393013006,0.088701466038848
21627,0.139011066185722,0.31326385892323,0.404985046412026,0.142740028479022
21628,0.133627265805722,0.61930497323739,0.211558649258461,0.035509111698427
21629,0.540719058442165,0.237742918836953,0.112721774882284,0.108816247838598
21630,0.213749870032939,0.309913980883135,0.20998731801927,0.266348831064656
21631,0.20903638307021,0.122143758131342,0.636963873395032,0.0318559854034161
21632,0.0985329993584213,0.330295458362663,0.449125293304549,0.122046248974366
21633,0.192297261834569,0.42982196371858,0.20697861934149,0.170902155105361
21634,0.138493504625924,0.727336076550566,0.104931668639292,0.0292387501842177
21635,0.0479601766861175,0.722742762559949,0.205064699016238,0.0242323617376956
21636,0.521952418504275,0.254558433993608,0.130043363206789,0.0934457842953286
21637,0.380883299494909,0.473628066105228,0.0917486466584409,0.0537399877414221
21638,0.121194108254249,0.620615415564234,0.22442306379387,0.0337674123876471
21639,0.16695334498773,0.680614365776893,0.100528601130628,0.0519036881047479
21640,0.40885569397248,0.429743684355928,0.1161065719139,0.0452940497576922
21641,0.275456977149174,0.248388081048307,0.43333317770977,0.0428217640927484
21642,0.488498469392725,0.22047567747987,0.143429017239885,0.147596835887519
21643,0.0496339693678372,0.226611382803668,0.563782219266082,0.159972428562413
21644,0.28316813784722,0.240792418478709,0.168495042895619,0.307544400778451
21645,0.067209484441578,0.659877194148567,0.149524113194276,0.123389208215579
21646,0.132445616954963,0.208700558751034,0.557444150204704,0.101409674089298
21647,0.190534869914204,0.178489249424735,0.473933071537946,0.157042809123115
21648,0.33887030867466,0.118065350097925,0.362342870796525,0.18072147043089
21649,0.518650950677756,0.0936284328343632,0.306461743878719,0.0812588726091622
21650,0.176140851117449,0.321853710147901,0.33838726243612,0.16361817629853
21651,0.503106292460612,0.0997730288732087,0.142384325462714,0.254736353203465
21652,0.0742266048513256,0.12443448798218,0.222939606656294,0.5783993005102
21653,0.691123233243732,0.118521984307524,0.0889431676368794,0.101411614811864
21654,0.658915877025954,0.140693523782896,0.110010429424019,0.0903801697671318
21655,0.341073421765892,0.0735572107333046,0.512338617608857,0.0730307498919463
21656,0.503146516096731,0.125937528155768,0.187382250299109,0.183533705448392
21657,0.669279935374484,0.0921115561274577,0.104818550301382,0.133789958196676
21658,0.456165770276069,0.106813784352389,0.255380687181965,0.181639758189576
21659,0.705588875237937,0.0966203172562846,0.0738346023273163,0.123956205178462
21660,0.122630981151399,0.0927858644277019,0.285594827895916,0.498988326524983
21661,0.167558199511189,0.397296948205091,0.206620033444441,0.228524818839279
21662,0.0529187884970332,0.729972963854223,0.0554291119729401,0.161679135675804
21663,0.146661111757883,0.133356331236491,0.654758773057422,0.0652237839482045
21664,0.0757192537835349,0.492935307775359,0.185388048847027,0.24595738959408
21665,0.410406999502853,0.279856183820561,0.171531056891802,0.138205759784783
21666,0.103700372904062,0.378088065694043,0.310489096028116,0.207722465373779
21667,0.0457063707904616,0.433417868725181,0.319047729542005,0.201828030942352
21668,0.32944128052656,0.239823849664659,0.233678464404808,0.197056405403973
21669,0.316972531269085,0.262679278729726,0.131981573858463,0.288366616142727
21670,0.177893258276658,0.557958199178383,0.094874399739921,0.169274142805038
21671,0.0750585990403216,0.408830975883012,0.488199000516459,0.0279114245602068
21672,0.0680740793199799,0.222981671669204,0.536422863036975,0.172521385973841
21673,0.465035319577354,0.263991987520788,0.0573104600764811,0.213662232825377
21674,0.417919616577435,0.13751405571851,0.305024235701531,0.139542092002523
21675,0.454038198172717,0.214995247165123,0.112181851175326,0.218784703486835
21676,0.0950906359687231,0.70441584191991,0.132874724659727,0.0676187974516402
21677,0.608926136637683,0.0630237469542919,0.260874078294113,0.0671760381139118
21678,0.136066258352275,0.49919555996571,0.317886317283459,0.0468518643985562
21679,0.217325110151088,0.526441568271069,0.0712596547416843,0.184973666836159
21680,0.272617303776145,0.0962614377175852,0.56307567735015,0.0680455811561193
21681,0.310709865946741,0.0769382998000035,0.150471711931261,0.461880122321994
21682,0.383935952772214,0.315776326185054,0.0629894102286079,0.237298310814123
21683,0.335101163976518,0.0391278154409088,0.363264525879276,0.262506494703297
21684,0.373138101014626,0.0603535926513676,0.235924535491937,0.330583770842069
21685,0.158357606573676,0.270357097604939,0.122350554179892,0.448934741641494
21686,0.096625942405816,0.431626942575732,0.303946679290762,0.167800435727689
21687,0.196964271375527,0.0842873473986699,0.456693582776102,0.262054798449701
21688,0.32323423714231,0.103952732219038,0.0973432181172036,0.475469812521449
21689,0.169787483405302,0.701814988052882,0.0742127056483047,0.0541848228935112
21690,0.735822989822981,0.181831643168682,0.0333400310709698,0.0490053359373678
21691,0.15559856175303,0.556965104556358,0.112906689970225,0.174529643720387
21692,0.0440147891606307,0.35472126933866,0.532376526717626,0.068887414783083
21693,0.0839751191184631,0.74456838191981,0.035616845504847,0.13583965345688
21694,0.122931711474731,0.293443136924507,0.232194176639099,0.351430974961664
21695,0.406712922496144,0.33065902629151,0.210763467717721,0.051864583494625
21696,0.600896544356328,0.18736703841461,0.0735081658306934,0.138228251398368
21697,0.437050550281305,0.209141062100348,0.21400726383427,0.139801123784076
21698,0.100106616189704,0.0413993594845132,0.817913557840328,0.0405804664854547
21699,0.250559036750805,0.549133842122543,0.0201091031148938,0.180198018011759
21700,0.287265003570071,0.223454459391534,0.14055241925716,0.348728117781234
21701,0.487477783253333,0.103586115366879,0.0760841991846837,0.332851902195104
21702,0.0807862443065756,0.358653366335685,0.152537437434042,0.408022951923697
21703,0.100858133017027,0.278197119026464,0.0545053213770745,0.566439426579434
21704,0.0852412949053144,0.221059296269298,0.310487486034752,0.383211922790636
21705,0.1284440634416,0.0406303801595599,0.432586876497543,0.398338679901297
21706,0.079377870741879,0.426078729746656,0.045489741799598,0.449053657711867
21707,0.0821155231831927,0.51365405574169,0.177456633790815,0.226773787284302
21708,0.0465809078262618,0.481528332843594,0.141334030699639,0.330556728630506
21709,0.253214354092837,0.118738811306168,0.0324196047662523,0.595627229834742
21710,0.344651406060977,0.0636748004161284,0.0589658354632262,0.532707958059668
21711,0.045313090583791,0.463088120817484,0.185966706963756,0.305632081634969
21712,0.0739318970845592,0.275981261649584,0.0457222706575023,0.604364570608354
21713,0.563791229385438,0.0964857305592319,0.125268324461796,0.214454715593535
21714,0.065414999250492,0.641340218234314,0.058217156203894,0.2350276263113
21715,0.524972306586163,0.136178378839575,0.123423739971557,0.215425574602705
21716,0.108683383556962,0.12968667511686,0.158425743062591,0.603204198263587
21717,0.21617242627178,0.0426610499262322,0.444541404620283,0.296625119181704
21718,0.418087388257532,0.353228194908135,0.0234526893268638,0.205231727507469
21719,0.204224676176492,0.120627121320985,0.116091723274951,0.559056479227572
21720,0.453281043048681,0.191977752311099,0.0450822419083,0.30965896273192
21721,0.143988223076372,0.186704657925364,0.395400205605941,0.273906913392323
21722,0.688249688570811,0.126526916070945,0.0464417959783258,0.138781599379919
21723,0.0616287164854285,0.301931621868013,0.138907973638408,0.49753168800815
21724,0.346178465067536,0.206213543377281,0.193960826164171,0.253647165391012
21725,0.0750565889091105,0.206954476291266,0.210593959800186,0.507394974999437
21726,0.0313134061553364,0.355103016981422,0.308949334341778,0.304634242521463
21727,0.24869380124509,0.0567009243138401,0.56913280706618,0.12547246737489
21728,0.0821336236102884,0.104348301029351,0.324589837771063,0.488928237589298
21729,0.274462296400531,0.238265483555889,0.0958536787609608,0.39141854128262
21730,0.392465602619565,0.0740164055391602,0.114104819358806,0.419413172482469
21731,0.208151760580797,0.133208610254837,0.456373114985587,0.202266514178779
21732,0.334420228287838,0.185322779386648,0.0626133056913678,0.417643686634146
21733,0.490708195087362,0.305677719756908,0.0961199885694845,0.107494096586244
21734,0.0400604206029412,0.634056226296377,0.220735104848417,0.105148248252265
21735,0.208113066735673,0.347097716849987,0.0773241855226273,0.367465030891713
21736,0.729062438319756,0.0943703803585263,0.076771109545261,0.0997960717764567
21737,0.263526496991218,0.201321248358403,0.462264525259648,0.0728877293907311
21738,0.413750170808298,0.274375998511578,0.224756280926239,0.0871175497538844
21739,0.185039855660557,0.473763461247501,0.293080702202604,0.0481159808893379
21740,0.0726023939775399,0.687460612415322,0.203055716005212,0.0368812776019263
21741,0.14836895202293,0.478654312683581,0.182738344336881,0.190238390956608
21742,0.287346594202708,0.247078802140027,0.37421225101811,0.0913623526391547
21743,0.476839991447353,0.281952048008525,0.0728435711181695,0.168364389425952
21744,0.276837418530616,0.373129308763711,0.298168288534598,0.0518649841710752
21745,0.278278061407396,0.210019078782398,0.310303384879583,0.201399474930622
21746,0.362495504792548,0.459461968440217,0.0850937185960655,0.0929488081711698
21747,0.443393806726471,0.37835937197218,0.112733046217304,0.0655137750840452
21748,0.356505967147886,0.475105198929119,0.103484703751193,0.0649041301718014
21749,0.0892647805954358,0.501861556438294,0.289609280776968,0.119264382189302
21750,0.111012678676686,0.154622796255885,0.566860293459314,0.167504231608115
21751,0.545678050465171,0.108109165559141,0.283258959407459,0.0629538245682283
21752,0.475045861165661,0.169568874724288,0.158685979756644,0.196699284353407
21753,0.274998027797379,0.292148785992176,0.212530052439398,0.220323133771047
21754,0.0626891518550606,0.627083126371421,0.114637651009542,0.195590070763976
21755,0.212511535103068,0.386198431053821,0.228251323603696,0.173038710239415
21756,0.0665107206058287,0.340623618810169,0.104341358613225,0.488524301970777
21757,0.12727759877252,0.522774305906484,0.0341362433180491,0.315811852002947
21758,0.141225819768722,0.246684831149469,0.148567648900298,0.463521700181511
21759,0.32139343517502,0.358098977875194,0.185612897119336,0.13489468983045
21760,0.112375776806836,0.0292659251588893,0.329640871225144,0.528717426809131
21761,0.0702032434111827,0.0985057368396052,0.560460235015815,0.270830784733397
21762,0.0388268324677363,0.808750031555983,0.0216003500956665,0.130822785880614
21763,0.477440814250443,0.0591561499013047,0.0271364649371878,0.436266570911065
21764,0.186027645338172,0.0303319790894762,0.622744100180826,0.160896275391526
21765,0.34931512548014,0.121029389782228,0.100515098491185,0.429140386246447
21766,0.0416312979119056,0.450512256013981,0.0303110355823811,0.477545410491733
21767,0.0611990062228794,0.137797692564143,0.389270860556771,0.411732440656206
21768,0.113918476753861,0.335803531312095,0.385452557577689,0.164825434356355
21769,0.124887288630464,0.128616373705517,0.0699520311708414,0.676544306493178
21770,0.0760891502381095,0.258892506910968,0.332574052146085,0.332444290704838
21771,0.0206271540142276,0.0713165541845113,0.45823638135895,0.449819910442311
21772,0.106990826599393,0.298073864222882,0.267396197955992,0.327539111221733
21773,0.186414824108768,0.430638186832377,0.0786917688977607,0.304255220161095
21774,0.0256566599068578,0.0921373038033313,0.630535935701774,0.251670100588037
21775,0.226134122339702,0.289986531655483,0.168056698122495,0.31582264788232
21776,0.36426251685727,0.252623014939617,0.158868000213939,0.224246467989174
21777,0.0445902501225502,0.0375805201440692,0.556796869078151,0.36103236065523
21778,0.26911104675694,0.102088656277387,0.0930443015740497,0.535755995391624
21779,0.318528214882889,0.19621772502045,0.0588369676334163,0.426417092463245
21780,0.187498488594456,0.0996115477934336,0.418233311180202,0.294656652431908
21781,0.0857743866745966,0.0677344949982171,0.647871481240881,0.198619637086306
21782,0.562676682931252,0.0558391274697804,0.280525729793158,0.10095845980581
21783,0.241623978054304,0.0857141153885532,0.122228607706405,0.550433298850738
21784,0.73081078819085,0.129731344126497,0.0557973527930767,0.0836605148895755
21785,0.0799961274073608,0.643808166934356,0.218809924141158,0.057385781517125
21786,0.0849347092667592,0.0597908947311467,0.19562010380584,0.659654292196254
21787,0.113508304425087,0.699447419602657,0.0520941848380605,0.134950091134196
21788,0.403095328605924,0.264769835961888,0.0516460175545275,0.28048881787766
21789,0.0972118302407661,0.225939885946997,0.195789003506763,0.481059280305474
21790,0.590269608983998,0.0870353586993862,0.0770387423066311,0.245656290009985
21791,0.322696066197876,0.147380701878122,0.116600715968075,0.413322515955927
21792,0.091126612864839,0.323187172431805,0.373865063575671,0.211821151127685
21793,0.120455998504307,0.206109664362687,0.545212263657355,0.128222073475651
21794,0.0608074626756724,0.519607915502172,0.297579387840849,0.122005233981307
21795,0.226764708371967,0.0215322035623499,0.663898796835076,0.0878042912306067
21796,0.238112462912184,0.237901037743734,0.210014079257264,0.313972420086819
21797,0.241661977917638,0.457707596023674,0.111515006123638,0.189115419935051
21798,0.491889308551713,0.0547556390397655,0.293263161708958,0.160091890699563
21799,0.113899093506858,0.0758876477808202,0.229081729259568,0.581131529452754
21800,0.0999109947188142,0.074624600778292,0.401432423346818,0.424031981156076
21801,0.189962063300266,0.137543645417391,0.330045174059654,0.342449117222689
21802,0.0494453292732017,0.19813324861151,0.434132402273819,0.31828901984147
21803,0.0900798858356257,0.116152189691598,0.586650353258479,0.207117571214297
21804,0.256576519865673,0.455648694473479,0.119313808136521,0.168460977524327
21805,0.62354304705301,0.0748473267984281,0.110790332935399,0.190819293213163
21806,0.108499940231114,0.360085460138249,0.22083487902805,0.310579720602587
21807,0.140213118048932,0.430737306132069,0.157247270816491,0.271802305002508
21808,0.306053375298572,0.0793951958914434,0.211878574222397,0.402672854587588
21809,0.679561173759716,0.0621947149345966,0.0680561517622787,0.190187959543409
21810,0.77440904193743,0.0487838557111647,0.114410959809269,0.0623961425421363
21811,0.214534609856216,0.489256891256742,0.231982499214137,0.0642259996729056
21812,0.149456355692029,0.0516353129019612,0.530553960552504,0.268354370853506
21813,0.204693237928755,0.527921236697875,0.0680814122170428,0.199304113156327
21814,0.171804077789921,0.362313478738162,0.345070694450027,0.12081174902189
21815,0.371423123465566,0.0946289442112175,0.320178511521365,0.213769420801851
21816,0.330636530185696,0.407482688105976,0.102832254733001,0.159048526975327
21817,0.0953828026367902,0.151331536982325,0.670141339549185,0.0831443208317002
21818,0.076639424047528,0.128817324634523,0.438701605277913,0.355841646040036
21819,0.195913307087454,0.19352891019853,0.0993667720301457,0.51119101068387
21820,0.741279728480666,0.11091586786091,0.0586343863462639,0.0891700173121604
21821,0.117616826588921,0.228652953484481,0.501609447408578,0.15212077251802
21822,0.360689682299498,0.491608415286322,0.0644099943686005,0.0832919080455789
21823,0.120824994809258,0.44720087186957,0.212272348475811,0.219701784845361
21824,0.128647450104726,0.557629211740244,0.229107315084591,0.0846160230704387
21825,0.0586131388626978,0.486650224572653,0.0991281699993163,0.355608466565333
21826,0.173386148129437,0.512206510120067,0.265853298969222,0.0485540427812746
21827,0.0426687451656882,0.137359924014653,0.74706902631751,0.0729023045021484
21828,0.0995446638226755,0.567750003722559,0.0813384718068605,0.251366860647905
21829,0.105126929332559,0.224280430782822,0.56065684806472,0.1099357918199
21830,0.0862439083579473,0.169605133284718,0.486380679730116,0.257770278627218
21831,0.237636913913523,0.314168553966795,0.0796500361835528,0.368544495936129
21832,0.226982627008438,0.502236568407566,0.064114639761672,0.206666164822324
21833,0.595714370120196,0.102680881021295,0.228051682626526,0.0735530662319826
21834,0.659762517635052,0.167603200991762,0.0941890062016835,0.0784452751715028
21835,0.162677535360237,0.351798769451891,0.203240675909402,0.282283019278469
21836,0.0562692216869571,0.103208774790703,0.672470427378456,0.168051576143884
21837,0.133631855073374,0.0796941653610587,0.493352159586528,0.293321819979039
21838,0.252559871590583,0.133191254456561,0.511468262881107,0.10278061107175
21839,0.138276717936631,0.516223899307339,0.193501663056799,0.151997719699231
21840,0.505606530711258,0.114762126207186,0.284977874308967,0.0946534687725887
21841,0.527654257341865,0.190075577204978,0.12648683223845,0.155783333214708
21842,0.0552059247877035,0.317324587023725,0.551485455039145,0.0759840331494264
21843,0.534455612031707,0.094410885416203,0.159087120040908,0.212046382511182
21844,0.0513195817175399,0.563291609246447,0.239958277798046,0.145430531237967
21845,0.273070035388995,0.169944820013531,0.321536604359344,0.23544854023813
21846,0.103571963500891,0.548231574477377,0.167982841274201,0.18021362074753
21847,0.40271330199505,0.107974798999426,0.366374710419675,0.12293718858585
21848,0.195597759275651,0.173269543480376,0.12675877938725,0.504373917856724
21849,0.528184340719278,0.306061689950575,0.0683455250909728,0.0974084442391735
21850,0.563405104254926,0.145421831920242,0.105264893661841,0.18590817016299
21851,0.156845016987075,0.669308010119107,0.0728763598462087,0.100970613047609
21852,0.480402457661968,0.177048984406511,0.15259029769028,0.189958260241241
21853,0.0846948718356325,0.248783448272256,0.430328556628743,0.236193123263369
21854,0.448722791456559,0.135474475776742,0.134055962803102,0.281746769963597
21855,0.120976263436067,0.457187774284869,0.114486673544188,0.307349288734877
21856,0.559873221730708,0.145961061619499,0.222948192319441,0.0712175243303523
21857,0.186692028095486,0.508604120266872,0.0842415121913358,0.220462339446306
21858,0.651717701922023,0.0649277131205965,0.0413981217021026,0.241956463255278
21859,0.633863617962469,0.0881890137754931,0.08122730994001,0.196720058322028
21860,0.552332398079545,0.265371845062736,0.0691736095562536,0.113122147301466
21861,0.196519202619513,0.175511498119921,0.550658090134842,0.0773112091257235
21862,0.0501110448693792,0.585627160199067,0.217369938162897,0.146891856768657
21863,0.068609303666941,0.419485865158613,0.217012746734248,0.294892084440198
21864,0.270635732165992,0.578862102038994,0.0471983668942076,0.103303798900806
21865,0.165006569399384,0.24405317053449,0.488047068270991,0.102893191795135
21866,0.299272988888898,0.128276939951382,0.436278292540269,0.136171778619452
21867,0.081384810710563,0.106418418599525,0.27294594050677,0.539250830183142
21868,0.21809499574478,0.0832094067578209,0.513107849941727,0.185587747555672
21869,0.334818749369219,0.114230429083741,0.155922573745723,0.395028247801317
21870,0.263019805839034,0.197300747502208,0.255714910316822,0.283964536341935
21871,0.742818059849096,0.100172571574779,0.0528657190407943,0.104143649535331
21872,0.0376793375411811,0.467373657361001,0.386272723873988,0.10867428122383
21873,0.372245301232565,0.378998531695422,0.20785921476532,0.0408969523066939
21874,0.0774251970106106,0.700539834224607,0.108134973000003,0.113899995764779
21875,0.392291311146447,0.405862088164397,0.0641365822142828,0.137710018474874
21876,0.66132378568524,0.134299561332215,0.125651767022541,0.0787248859600052
21877,0.0798917272754315,0.459698901572622,0.127052961997591,0.333356409154355
21878,0.461633579364577,0.444467271868068,0.0566566638813255,0.0372424848860293
21879,0.284908597022673,0.340827092144307,0.0880274458875538,0.286236864945467
21880,0.472705203581271,0.155924008623837,0.276963705193235,0.0944070826016574
21881,0.140185751177634,0.277623875069158,0.296441490484622,0.285748883268587
21882,0.276627118434369,0.196502350988925,0.262761721341966,0.26410880923474
21883,0.0780158414512356,0.333820777799796,0.320201569343047,0.267961811405921
21884,0.177547776124355,0.593117946900631,0.0354096587449947,0.193924618230019
21885,0.0896272730078475,0.482289284064056,0.080644153805103,0.347439289122994
21886,0.265941343675362,0.279885935081681,0.130637564910617,0.32353515633234
21887,0.26180515347352,0.0673376237714262,0.501823643716184,0.169033579038869
21888,0.0619035964763238,0.39794932928559,0.438987699959569,0.101159374278517
21889,0.147053244335046,0.208058569481879,0.25139032002297,0.393497866160105
21890,0.161072821942301,0.125036180448922,0.12709057650614,0.586800421102637
21891,0.508625314204012,0.0408351757173344,0.265688946043808,0.184850564034845
21892,0.0611564876731985,0.274787328368308,0.0753224744747383,0.588733709483755
21893,0.102628732227698,0.354177606008936,0.0675675596026648,0.475626102160702
21894,0.111906997388414,0.0539706055338465,0.158307403224877,0.675814993852862
21895,0.0410784322365441,0.0682003076359804,0.750362411782904,0.140358848344572
21896,0.425544538402029,0.100156569144667,0.253463909953175,0.220834982500128
21897,0.248648150104827,0.366030606379308,0.212707258362689,0.172613985153176
21898,0.146049288576031,0.232834014252255,0.266315459077482,0.354801238094232
21899,0.237005599361177,0.0926191807274101,0.536959848821033,0.133415371090379
21900,0.0633833779035082,0.0577087501671753,0.101952973243773,0.776954898685543
21901,0.169206456864439,0.64603548138212,0.0260240662059606,0.15873399554748
21902,0.0681809587731836,0.103166213040208,0.584193645484543,0.244459182702065
21903,0.0424042884939301,0.074083898223822,0.620503673924102,0.263008139358145
21904,0.234061727165217,0.0498879672107144,0.20010198944357,0.515948316180498
21905,0.0472072063843102,0.318157435954306,0.302328265467231,0.332307092194153
21906,0.0733241060091627,0.172762879814272,0.0617552109010373,0.692157803275528
21907,0.0697379306131481,0.226140531373428,0.164995632356419,0.539125905657004
21908,0.292020270230016,0.145283930061593,0.205265426303457,0.357430373404935
21909,0.235750649158871,0.0873974249235355,0.268624093281679,0.408227832635914
21910,0.400327495779547,0.153701537863995,0.10075149314132,0.345219473215139
21911,0.191202484634578,0.483133480629474,0.163507688769496,0.162156345966453
21912,0.135796966064085,0.442994024363041,0.0410942911312161,0.380114718441658
21913,0.113538195869206,0.384245435352422,0.107953611903365,0.394262756875007
21914,0.0789075487045561,0.0957107649163411,0.135559348432061,0.689822337947041
21915,0.257789601517577,0.0765603426925584,0.269764124081286,0.395885931708578
21916,0.0551526525687461,0.0932063650290024,0.172244078064411,0.679396904337841
21917,0.106244472661385,0.12632063916277,0.167263926049981,0.600170962125864
21918,0.0583426140479485,0.081635430308353,0.692511967615934,0.167509988027764
21919,0.184916387044266,0.076158477728472,0.591760714661644,0.147164420565619
21920,0.151250517093398,0.160997825975751,0.152455494692419,0.535296162238432
21921,0.118780078740451,0.494257429114632,0.122410991283918,0.264551500861
21922,0.326207118826005,0.277018688073175,0.083449964869583,0.313324228231237
21923,0.1047200037109,0.0697501638584216,0.177520781853372,0.648009050577307
21924,0.185721847916674,0.103334960249606,0.205467004344553,0.505476187489168
21925,0.411888423373856,0.150129232820816,0.219298465525306,0.218683878280021
21926,0.340357105422484,0.0895130995795181,0.101446639814777,0.46868315518322
21927,0.0679064288052231,0.116128633659516,0.432805752173136,0.383159185362125
21928,0.0648311925924638,0.526078062924213,0.0444009329361621,0.364689811547161
21929,0.0427295192320924,0.0285243234189364,0.0675590198975209,0.86118713745145
21930,0.0160380299670223,0.162318062401936,0.135637462523486,0.686006445107555
21931,0.081186175642499,0.170594010537025,0.0432636907745728,0.704956123045904
21932,0.0392991997587978,0.0266366873370564,0.460098666945382,0.473965445958764
21933,0.0347326794072132,0.274499824192137,0.0395733607822734,0.651194135618377
21934,0.0493857368367103,0.220539475422571,0.0982642958296829,0.631810491911036
21935,0.0507384087674117,0.0745004222697844,0.0705315897453475,0.804229579217456
21936,0.106647535723283,0.111366102449522,0.0866453472710278,0.695341014556167
21937,0.0399434090722047,0.0911999475777513,0.474930760625509,0.393925882724535
21938,0.0204070951032866,0.290170957788432,0.112398737649941,0.577023209458341
21939,0.039488974760871,0.187563367034085,0.0588371393227525,0.714110518882291
21940,0.213804656417982,0.131762819868644,0.0624062266230544,0.59202629709032
21941,0.0386490672225925,0.022506836932504,0.138919245839832,0.799924850005071
21942,0.0923402250734457,0.537391706117781,0.0966110606441403,0.273657008164633
21943,0.0385285862436165,0.201305567588148,0.0512564926787667,0.708909353489469
21944,0.0553916618423724,0.318616804047046,0.23345883675966,0.392532697350922
21945,0.0446660732271139,0.164597998211707,0.0489071706442797,0.7418287579169
21946,0.383853628466193,0.255097155551745,0.116578701243728,0.244470514738333
21947,0.501874783328507,0.222012596253103,0.0818513134831457,0.194261306935245
21948,0.101679116226742,0.531483940370925,0.206205951159336,0.160630992242997
21949,0.130949667125331,0.321936100645108,0.143906673988142,0.403207558241419
21950,0.10200555460014,0.478122565208821,0.0982522327769246,0.321619647414115
21951,0.0888382147711038,0.262721491512924,0.304608460951927,0.343831832764045
21952,0.3486459151271,0.120983765923503,0.0931700903378138,0.437200228611583
21953,0.360116029697869,0.298753215579186,0.0552783713193927,0.285852383403552
21954,0.17662953726613,0.125990535147003,0.184528856738809,0.512851070848058
21955,0.423299844549195,0.129073936676368,0.202708087851123,0.244918130923314
21956,0.0605036693657564,0.160579456007438,0.183665781117668,0.595251093509138
21957,0.345433386827118,0.202690878054785,0.200384776689015,0.251490958429082
21958,0.0399378006160951,0.735406765197525,0.131526579353645,0.0931288548327345
21959,0.0944690912723146,0.202950074258531,0.104895864881399,0.597684969587756
21960,0.150379193842668,0.58340366908091,0.0524685979140953,0.213748539162327
21961,0.214643100846875,0.207449176165878,0.301428820625877,0.27647890236137
21962,0.606392544773083,0.170594997650951,0.0913562622379821,0.131656195337983
21963,0.0932907320928032,0.462767908265782,0.347888780721566,0.0960525789198492
21964,0.137363284338326,0.0588072174676132,0.69503129168669,0.10879820650737
21965,0.0822576446615405,0.083525358534066,0.331227938506756,0.502989058297638
21966,0.0664558884468502,0.0407325467850422,0.315103009485178,0.57770855528293
21967,0.447584225008198,0.0451360232660072,0.239667453478389,0.267612298247406
21968,0.214293135156001,0.452791098003212,0.06320292578087,0.269712841059917
21969,0.0272538700459036,0.174921000149168,0.142470494218648,0.65535463558628
21970,0.138914192214856,0.161240778907771,0.0875185808522677,0.612326448025105
21971,0.16140894923793,0.336041432354682,0.374512011645442,0.128037606761946
21972,0.28405358938492,0.150483053136173,0.133949044564163,0.431514312914744
21973,0.374256257766786,0.182570659104175,0.0433497135686565,0.399823369560382
21974,0.477189775794194,0.187727196838199,0.0617442337227606,0.273338793644845
21975,0.0333341497155793,0.0952957245180311,0.281693400549004,0.589676725217385
21976,0.268633394035971,0.375162506717604,0.261910050594557,0.0942940486518676
21977,0.135286271698117,0.370594252912554,0.161690494278186,0.332428981111143
21978,0.18601860436569,0.0540052602824697,0.20766168757931,0.55231444777253
21979,0.209116831819909,0.162370148135686,0.0524770483818976,0.576035971662507
21980,0.0578229066524082,0.562989512815159,0.0930057140127103,0.286181866519722
21981,0.105977181245951,0.397975467407069,0.191729049156924,0.304318302190056
21982,0.113570072273826,0.218651546817933,0.184513470823899,0.483264910084341
21983,0.0463770888282135,0.0763839816968383,0.230548544265695,0.646690385209253
21984,0.165524885832277,0.331534986923663,0.210732909435856,0.292207217808204
21985,0.0472002950424783,0.744851230863777,0.044285692201758,0.163662781891987
21986,0.153009759050117,0.113527444077789,0.65781437580067,0.0756484210714236
21987,0.0697938487400752,0.448371126452129,0.180164286039622,0.301670738768174
21988,0.384798270606995,0.25514693320021,0.162709910686637,0.197344885506157
21989,0.107981562519884,0.343399467244157,0.296815695814218,0.25180327442174
21990,0.0429329921377108,0.401961074061423,0.313925840030574,0.241180093770292
21991,0.300550818615554,0.262000327245129,0.19302804429546,0.244420809843857
21992,0.26672155308017,0.26270257234234,0.118703213437544,0.351872661139946
21993,0.154162163032344,0.549804767907266,0.0927200593871912,0.203313009673199
21994,0.0961612693362692,0.383431083486914,0.482751922209712,0.0376557249671047
21995,0.0623824594474817,0.175737632664894,0.538981816008091,0.222898091879534
21996,0.385053915755115,0.276266851335225,0.059708933633267,0.278970299276393
21997,0.44692227311907,0.126843862781591,0.255695540806495,0.170538323292845
21998,0.407203083306145,0.207099665329459,0.117123600290481,0.268573651073915
21999,0.0598688859897282,0.775363153220361,0.0976065806595676,0.067161380130343
22000,0.631858397029718,0.0585952962910338,0.22304189555115,0.0865044111280989
22001,0.144507062366746,0.544438898324573,0.25330904785068,0.0577449914580011
22002,0.197085135451942,0.538494533869831,0.0621559850941567,0.20226434558407
22003,0.0645944885345331,0.213551840142427,0.618000782257197,0.103852889065843
22004,0.579485858109517,0.204407636411381,0.107634409892822,0.10847209558628
22005,0.27820824395028,0.0930552748015597,0.312421541865227,0.316314939382933
22006,0.0759970448839157,0.293545992558174,0.286995741982907,0.343461220575003
22007,0.218160171818145,0.450762915146423,0.202212940353306,0.128863972682126
22008,0.0606183647909541,0.185609357099437,0.615013204118311,0.138759073991297
22009,0.368594034756508,0.186730715611708,0.24279222891885,0.201883020712934
22010,0.117821202906876,0.580209144788116,0.103385722994854,0.198583929310154
22011,0.101249895440187,0.376372012988382,0.325592419148687,0.196785672422744
22012,0.282270545014337,0.190130744024259,0.175187417448534,0.35241129351287
22013,0.280054673598539,0.0952090882713305,0.502590756923562,0.122145481206569
22014,0.111670742062836,0.115809999740532,0.704456685616017,0.0680625725806145
22015,0.120869714573639,0.109832833726625,0.502081654885622,0.267215796814114
22016,0.0748501917442901,0.533852335484806,0.087403937431702,0.303893535339202
22017,0.0677776018927577,0.796505108730172,0.0638375477847879,0.0718797415922823
22018,0.257154835334577,0.169342628135328,0.415566723275868,0.157935813254227
22019,0.224065014686388,0.131019168582557,0.382765860998706,0.262149955732349
22020,0.169566322814715,0.135767610385322,0.437640837985549,0.257025228814414
22021,0.0641380270166483,0.329716468167113,0.405919415151827,0.200226089664411
22022,0.488971717330866,0.0890261793574792,0.136903148143618,0.285098955168037
22023,0.308127868408941,0.0797216240837005,0.307351264993556,0.304799242513803
22024,0.201259622163188,0.0685765396981837,0.0988037754804036,0.631360062658225
22025,0.350474837430638,0.17766604528267,0.0627697514094767,0.409089365877215
22026,0.648990937965696,0.082736183546082,0.0453593180691578,0.222913560419064
22027,0.235526921450045,0.20145532959347,0.091069955555913,0.471947793400573
22028,0.344960626062158,0.114918166305596,0.0744967142376469,0.465624493394599
22029,0.0678051472050594,0.115113238219928,0.0630946538561594,0.753986960718853
22030,0.364164981775936,0.0750530520339283,0.378291185966869,0.182490780223267
22031,0.164710818913388,0.184087888029106,0.0561460597469981,0.595055233310508
22032,0.115478994057967,0.209648493198649,0.0921242563554021,0.582748256387981
22033,0.0527545643307717,0.100558249222507,0.697157542620188,0.149529643826534
22034,0.627075940846803,0.0920104880892303,0.0762954281069171,0.20461814295705
22035,0.202651614365509,0.0999686004555504,0.0806464847198152,0.616733300459126
22036,0.408826504692406,0.247553010415665,0.0804901969332519,0.263130287958677
22037,0.117712764203003,0.172546536921671,0.0432805027619084,0.666460196113418
22038,0.131231437907026,0.269909503718769,0.0511375564936271,0.547721501880577
22039,0.367420050041011,0.301372402245399,0.0354101995189789,0.295797348194612
22040,0.131919269653574,0.3875865208527,0.130503394076899,0.349990815416827
22041,0.177893512985084,0.0680106282101074,0.589324840532565,0.164771018272244
22042,0.292068821341524,0.180832587418304,0.315095026409831,0.212003564830341
22043,0.168652598550603,0.507359230966532,0.13592579465595,0.188062375826915
22044,0.0962901266136453,0.124895592923355,0.390168921507663,0.388645358955336
22045,0.0923942301831428,0.451001075244074,0.186863012051382,0.269741682521402
22046,0.176305675149408,0.211775957876503,0.278787639533394,0.333130727440694
22047,0.220460498726042,0.421046120276654,0.092994934606038,0.265498446391266
22048,0.13315104433111,0.70867587957397,0.0617129383384529,0.0964601377564673
22049,0.135340838164375,0.567201903529343,0.0988996125406232,0.198557645765659
22050,0.241321651904089,0.362016026729319,0.319043013938346,0.0776193074282453
22051,0.0669266019874802,0.110787718769444,0.694578378414999,0.127707300828076
22052,0.253611458388412,0.371928231569039,0.209198833073837,0.165261476968712
22053,0.0649361173086901,0.617297636329448,0.203081343677861,0.114684902684001
22054,0.0794777379341231,0.0972107014015918,0.742796732152553,0.080514828511732
22055,0.173350974005581,0.172264217279149,0.528178086663199,0.126206722052071
22056,0.228168234434936,0.156024415170422,0.487370542515706,0.128436807878936
22057,0.385744048270134,0.108894085777492,0.257825151292295,0.247536714660078
22058,0.22115125554935,0.577323792299442,0.120629995104249,0.080894957046958
22059,0.262417230452662,0.430842141854833,0.0661818508925204,0.240558776799985
22060,0.23690281972149,0.251200429000257,0.0905286451210989,0.421368106157155
22061,0.131686803568327,0.20613729530112,0.41717013771111,0.245005763419443
22062,0.0970952757205326,0.235530478760415,0.552064092765625,0.115310152753427
22063,0.0278141676985621,0.694193404795093,0.174009568468142,0.103982859038204
22064,0.486742811654939,0.203236086253509,0.15308180420195,0.156939297889602
22065,0.164859363303644,0.172553758702796,0.411851676817331,0.250735201176229
22066,0.522878121460576,0.126298414288873,0.121087647031207,0.229735817219345
22067,0.395148082092824,0.243947386900686,0.0590134785114321,0.301891052495058
